Please enter the first prime of your twin prime system: 
3

We will now generate the difference set for Z3xZ5
{ (0,0) (1,0) (2,0) (1,1) (1,4) (2,2) (2,3) }

Time: 0.185 ms

==========================================================================================================

Please enter the first prime of your twin prime system: 
11

We will now generate the difference set for Z11xZ13
{ (0,0) (1,0) (2,0) (3,0) (4,0) (5,0) (6,0) (7,0) (8,0) (9,0) (10,0) (1,1) (1,3) (1,4) (1,9) (1,10) (1,12) (3,1) (3,3) (3,4) (3,9) (3,10) (3,12) (4,1) (4,3) (4,4) (4,9) (4,10) (4,12) (5,1) (5,3) (5,4) (5,9) (5,10) (5,12) (9,1) (9,3) (9,4) (9,9) (9,10) (9,12) (2,2) (2,5) (2,6) (2,7) (2,8) (2,11) (6,2) (6,5) (6,6) (6,7) (6,8) (6,11) (7,2) (7,5) (7,6) (7,7) (7,8) (7,11) (8,2) (8,5) (8,6) (8,7) (8,8) (8,11) (10,2) (10,5) (10,6) (10,7) (10,8) (10,11) }

Time: 0.195 ms

==========================================================================================================

Please enter the first prime of your twin prime system: 
71

We will now generate the difference set for Z71xZ73
{ (0,0) (1,0) (2,0) (3,0) (4,0) (5,0) (6,0) (7,0) (8,0) (9,0) (10,0) (11,0) (12,0) (13,0) (14,0) (15,0) (16,0) (17,0) (18,0) (19,0) (20,0) (21,0) (22,0) (23,0) (24,0) (25,0) (26,0) (27,0) (28,0) (29,0) (30,0) (31,0) (32,0) (33,0) (34,0) (35,0) (36,0) (37,0) (38,0) (39,0) (40,0) (41,0) (42,0) (43,0) (44,0) (45,0) (46,0) (47,0) (48,0) (49,0) (50,0) (51,0) (52,0) (53,0) (54,0) (55,0) (56,0) (57,0) (58,0) (59,0) (60,0) (61,0) (62,0) (63,0) (64,0) (65,0) (66,0) (67,0) (68,0) (69,0) (70,0) (1,1) (1,2) (1,3) (1,4) (1,6) (1,8) (1,9) (1,12) (1,16) (1,18) (1,19) (1,23) (1,24) (1,25) (1,27) (1,32) (1,35) (1,36) (1,37) (1,38) (1,41) (1,46) (1,48) (1,49) (1,50) (1,54) (1,55) (1,57) (1,61) (1,64) (1,65) (1,67) (1,69) (1,70) (1,71) (1,72) (2,1) (2,2) (2,3) (2,4) (2,6) (2,8) (2,9) (2,12) (2,16) (2,18) (2,19) (2,23) (2,24) (2,25) (2,27) (2,32) (2,35) (2,36) (2,37) (2,38) (2,41) (2,46) (2,48) (2,49) (2,50) (2,54) (2,55) (2,57) (2,61) (2,64) (2,65) (2,67) (2,69) (2,70) (2,71) (2,72) (3,1) (3,2) (3,3) (3,4) (3,6) (3,8) (3,9) (3,12) (3,16) (3,18) (3,19) (3,23) (3,24) (3,25) (3,27) (3,32) (3,35) (3,36) (3,37) (3,38) (3,41) (3,46) (3,48) (3,49) (3,50) (3,54) (3,55) (3,57) (3,61) (3,64) (3,65) (3,67) (3,69) (3,70) (3,71) (3,72) (4,1) (4,2) (4,3) (4,4) (4,6) (4,8) (4,9) (4,12) (4,16) (4,18) (4,19) (4,23) (4,24) (4,25) (4,27) (4,32) (4,35) (4,36) (4,37) (4,38) (4,41) (4,46) (4,48) (4,49) (4,50) (4,54) (4,55) (4,57) (4,61) (4,64) (4,65) (4,67) (4,69) (4,70) (4,71) (4,72) (5,1) (5,2) (5,3) (5,4) (5,6) (5,8) (5,9) (5,12) (5,16) (5,18) (5,19) (5,23) (5,24) (5,25) (5,27) (5,32) (5,35) (5,36) (5,37) (5,38) (5,41) (5,46) (5,48) (5,49) (5,50) (5,54) (5,55) (5,57) (5,61) (5,64) (5,65) (5,67) (5,69) (5,70) (5,71) (5,72) (6,1) (6,2) (6,3) (6,4) (6,6) (6,8) (6,9) (6,12) (6,16) (6,18) (6,19) (6,23) (6,24) (6,25) (6,27) (6,32) (6,35) (6,36) (6,37) (6,38) (6,41) (6,46) (6,48) (6,49) (6,50) (6,54) (6,55) (6,57) (6,61) (6,64) (6,65) (6,67) (6,69) (6,70) (6,71) (6,72) (8,1) (8,2) (8,3) (8,4) (8,6) (8,8) (8,9) (8,12) (8,16) (8,18) (8,19) (8,23) (8,24) (8,25) (8,27) (8,32) (8,35) (8,36) (8,37) (8,38) (8,41) (8,46) (8,48) (8,49) (8,50) (8,54) (8,55) (8,57) (8,61) (8,64) (8,65) (8,67) (8,69) (8,70) (8,71) (8,72) (9,1) (9,2) (9,3) (9,4) (9,6) (9,8) (9,9) (9,12) (9,16) (9,18) (9,19) (9,23) (9,24) (9,25) (9,27) (9,32) (9,35) (9,36) (9,37) (9,38) (9,41) (9,46) (9,48) (9,49) (9,50) (9,54) (9,55) (9,57) (9,61) (9,64) (9,65) (9,67) (9,69) (9,70) (9,71) (9,72) (10,1) (10,2) (10,3) (10,4) (10,6) (10,8) (10,9) (10,12) (10,16) (10,18) (10,19) (10,23) (10,24) (10,25) (10,27) (10,32) (10,35) (10,36) (10,37) (10,38) (10,41) (10,46) (10,48) (10,49) (10,50) (10,54) (10,55) (10,57) (10,61) (10,64) (10,65) (10,67) (10,69) (10,70) (10,71) (10,72) (12,1) (12,2) (12,3) (12,4) (12,6) (12,8) (12,9) (12,12) (12,16) (12,18) (12,19) (12,23) (12,24) (12,25) (12,27) (12,32) (12,35) (12,36) (12,37) (12,38) (12,41) (12,46) (12,48) (12,49) (12,50) (12,54) (12,55) (12,57) (12,61) (12,64) (12,65) (12,67) (12,69) (12,70) (12,71) (12,72) (15,1) (15,2) (15,3) (15,4) (15,6) (15,8) (15,9) (15,12) (15,16) (15,18) (15,19) (15,23) (15,24) (15,25) (15,27) (15,32) (15,35) (15,36) (15,37) (15,38) (15,41) (15,46) (15,48) (15,49) (15,50) (15,54) (15,55) (15,57) (15,61) (15,64) (15,65) (15,67) (15,69) (15,70) (15,71) (15,72) (16,1) (16,2) (16,3) (16,4) (16,6) (16,8) (16,9) (16,12) (16,16) (16,18) (16,19) (16,23) (16,24) (16,25) (16,27) (16,32) (16,35) (16,36) (16,37) (16,38) (16,41) (16,46) (16,48) (16,49) (16,50) (16,54) (16,55) (16,57) (16,61) (16,64) (16,65) (16,67) (16,69) (16,70) (16,71) (16,72) (18,1) (18,2) (18,3) (18,4) (18,6) (18,8) (18,9) (18,12) (18,16) (18,18) (18,19) (18,23) (18,24) (18,25) (18,27) (18,32) (18,35) (18,36) (18,37) (18,38) (18,41) (18,46) (18,48) (18,49) (18,50) (18,54) (18,55) (18,57) (18,61) (18,64) (18,65) (18,67) (18,69) (18,70) (18,71) (18,72) (19,1) (19,2) (19,3) (19,4) (19,6) (19,8) (19,9) (19,12) (19,16) (19,18) (19,19) (19,23) (19,24) (19,25) (19,27) (19,32) (19,35) (19,36) (19,37) (19,38) (19,41) (19,46) (19,48) (19,49) (19,50) (19,54) (19,55) (19,57) (19,61) (19,64) (19,65) (19,67) (19,69) (19,70) (19,71) (19,72) (20,1) (20,2) (20,3) (20,4) (20,6) (20,8) (20,9) (20,12) (20,16) (20,18) (20,19) (20,23) (20,24) (20,25) (20,27) (20,32) (20,35) (20,36) (20,37) (20,38) (20,41) (20,46) (20,48) (20,49) (20,50) (20,54) (20,55) (20,57) (20,61) (20,64) (20,65) (20,67) (20,69) (20,70) (20,71) (20,72) (24,1) (24,2) (24,3) (24,4) (24,6) (24,8) (24,9) (24,12) (24,16) (24,18) (24,19) (24,23) (24,24) (24,25) (24,27) (24,32) (24,35) (24,36) (24,37) (24,38) (24,41) (24,46) (24,48) (24,49) (24,50) (24,54) (24,55) (24,57) (24,61) (24,64) (24,65) (24,67) (24,69) (24,70) (24,71) (24,72) (25,1) (25,2) (25,3) (25,4) (25,6) (25,8) (25,9) (25,12) (25,16) (25,18) (25,19) (25,23) (25,24) (25,25) (25,27) (25,32) (25,35) (25,36) (25,37) (25,38) (25,41) (25,46) (25,48) (25,49) (25,50) (25,54) (25,55) (25,57) (25,61) (25,64) (25,65) (25,67) (25,69) (25,70) (25,71) (25,72) (27,1) (27,2) (27,3) (27,4) (27,6) (27,8) (27,9) (27,12) (27,16) (27,18) (27,19) (27,23) (27,24) (27,25) (27,27) (27,32) (27,35) (27,36) (27,37) (27,38) (27,41) (27,46) (27,48) (27,49) (27,50) (27,54) (27,55) (27,57) (27,61) (27,64) (27,65) (27,67) (27,69) (27,70) (27,71) (27,72) (29,1) (29,2) (29,3) (29,4) (29,6) (29,8) (29,9) (29,12) (29,16) (29,18) (29,19) (29,23) (29,24) (29,25) (29,27) (29,32) (29,35) (29,36) (29,37) (29,38) (29,41) (29,46) (29,48) (29,49) (29,50) (29,54) (29,55) (29,57) (29,61) (29,64) (29,65) (29,67) (29,69) (29,70) (29,71) (29,72) (30,1) (30,2) (30,3) (30,4) (30,6) (30,8) (30,9) (30,12) (30,16) (30,18) (30,19) (30,23) (30,24) (30,25) (30,27) (30,32) (30,35) (30,36) (30,37) (30,38) (30,41) (30,46) (30,48) (30,49) (30,50) (30,54) (30,55) (30,57) (30,61) (30,64) (30,65) (30,67) (30,69) (30,70) (30,71) (30,72) (32,1) (32,2) (32,3) (32,4) (32,6) (32,8) (32,9) (32,12) (32,16) (32,18) (32,19) (32,23) (32,24) (32,25) (32,27) (32,32) (32,35) (32,36) (32,37) (32,38) (32,41) (32,46) (32,48) (32,49) (32,50) (32,54) (32,55) (32,57) (32,61) (32,64) (32,65) (32,67) (32,69) (32,70) (32,71) (32,72) (36,1) (36,2) (36,3) (36,4) (36,6) (36,8) (36,9) (36,12) (36,16) (36,18) (36,19) (36,23) (36,24) (36,25) (36,27) (36,32) (36,35) (36,36) (36,37) (36,38) (36,41) (36,46) (36,48) (36,49) (36,50) (36,54) (36,55) (36,57) (36,61) (36,64) (36,65) (36,67) (36,69) (36,70) (36,71) (36,72) (37,1) (37,2) (37,3) (37,4) (37,6) (37,8) (37,9) (37,12) (37,16) (37,18) (37,19) (37,23) (37,24) (37,25) (37,27) (37,32) (37,35) (37,36) (37,37) (37,38) (37,41) (37,46) (37,48) (37,49) (37,50) (37,54) (37,55) (37,57) (37,61) (37,64) (37,65) (37,67) (37,69) (37,70) (37,71) (37,72) (38,1) (38,2) (38,3) (38,4) (38,6) (38,8) (38,9) (38,12) (38,16) (38,18) (38,19) (38,23) (38,24) (38,25) (38,27) (38,32) (38,35) (38,36) (38,37) (38,38) (38,41) (38,46) (38,48) (38,49) (38,50) (38,54) (38,55) (38,57) (38,61) (38,64) (38,65) (38,67) (38,69) (38,70) (38,71) (38,72) (40,1) (40,2) (40,3) (40,4) (40,6) (40,8) (40,9) (40,12) (40,16) (40,18) (40,19) (40,23) (40,24) (40,25) (40,27) (40,32) (40,35) (40,36) (40,37) (40,38) (40,41) (40,46) (40,48) (40,49) (40,50) (40,54) (40,55) (40,57) (40,61) (40,64) (40,65) (40,67) (40,69) (40,70) (40,71) (40,72) (43,1) (43,2) (43,3) (43,4) (43,6) (43,8) (43,9) (43,12) (43,16) (43,18) (43,19) (43,23) (43,24) (43,25) (43,27) (43,32) (43,35) (43,36) (43,37) (43,38) (43,41) (43,46) (43,48) (43,49) (43,50) (43,54) (43,55) (43,57) (43,61) (43,64) (43,65) (43,67) (43,69) (43,70) (43,71) (43,72) (45,1) (45,2) (45,3) (45,4) (45,6) (45,8) (45,9) (45,12) (45,16) (45,18) (45,19) (45,23) (45,24) (45,25) (45,27) (45,32) (45,35) (45,36) (45,37) (45,38) (45,41) (45,46) (45,48) (45,49) (45,50) (45,54) (45,55) (45,57) (45,61) (45,64) (45,65) (45,67) (45,69) (45,70) (45,71) (45,72) (48,1) (48,2) (48,3) (48,4) (48,6) (48,8) (48,9) (48,12) (48,16) (48,18) (48,19) (48,23) (48,24) (48,25) (48,27) (48,32) (48,35) (48,36) (48,37) (48,38) (48,41) (48,46) (48,48) (48,49) (48,50) (48,54) (48,55) (48,57) (48,61) (48,64) (48,65) (48,67) (48,69) (48,70) (48,71) (48,72) (49,1) (49,2) (49,3) (49,4) (49,6) (49,8) (49,9) (49,12) (49,16) (49,18) (49,19) (49,23) (49,24) (49,25) (49,27) (49,32) (49,35) (49,36) (49,37) (49,38) (49,41) (49,46) (49,48) (49,49) (49,50) (49,54) (49,55) (49,57) (49,61) (49,64) (49,65) (49,67) (49,69) (49,70) (49,71) (49,72) (50,1) (50,2) (50,3) (50,4) (50,6) (50,8) (50,9) (50,12) (50,16) (50,18) (50,19) (50,23) (50,24) (50,25) (50,27) (50,32) (50,35) (50,36) (50,37) (50,38) (50,41) (50,46) (50,48) (50,49) (50,50) (50,54) (50,55) (50,57) (50,61) (50,64) (50,65) (50,67) (50,69) (50,70) (50,71) (50,72) (54,1) (54,2) (54,3) (54,4) (54,6) (54,8) (54,9) (54,12) (54,16) (54,18) (54,19) (54,23) (54,24) (54,25) (54,27) (54,32) (54,35) (54,36) (54,37) (54,38) (54,41) (54,46) (54,48) (54,49) (54,50) (54,54) (54,55) (54,57) (54,61) (54,64) (54,65) (54,67) (54,69) (54,70) (54,71) (54,72) (57,1) (57,2) (57,3) (57,4) (57,6) (57,8) (57,9) (57,12) (57,16) (57,18) (57,19) (57,23) (57,24) (57,25) (57,27) (57,32) (57,35) (57,36) (57,37) (57,38) (57,41) (57,46) (57,48) (57,49) (57,50) (57,54) (57,55) (57,57) (57,61) (57,64) (57,65) (57,67) (57,69) (57,70) (57,71) (57,72) (58,1) (58,2) (58,3) (58,4) (58,6) (58,8) (58,9) (58,12) (58,16) (58,18) (58,19) (58,23) (58,24) (58,25) (58,27) (58,32) (58,35) (58,36) (58,37) (58,38) (58,41) (58,46) (58,48) (58,49) (58,50) (58,54) (58,55) (58,57) (58,61) (58,64) (58,65) (58,67) (58,69) (58,70) (58,71) (58,72) (60,1) (60,2) (60,3) (60,4) (60,6) (60,8) (60,9) (60,12) (60,16) (60,18) (60,19) (60,23) (60,24) (60,25) (60,27) (60,32) (60,35) (60,36) (60,37) (60,38) (60,41) (60,46) (60,48) (60,49) (60,50) (60,54) (60,55) (60,57) (60,61) (60,64) (60,65) (60,67) (60,69) (60,70) (60,71) (60,72) (64,1) (64,2) (64,3) (64,4) (64,6) (64,8) (64,9) (64,12) (64,16) (64,18) (64,19) (64,23) (64,24) (64,25) (64,27) (64,32) (64,35) (64,36) (64,37) (64,38) (64,41) (64,46) (64,48) (64,49) (64,50) (64,54) (64,55) (64,57) (64,61) (64,64) (64,65) (64,67) (64,69) (64,70) (64,71) (64,72) (7,5) (7,7) (7,10) (7,11) (7,13) (7,14) (7,15) (7,17) (7,20) (7,21) (7,22) (7,26) (7,28) (7,29) (7,30) (7,31) (7,33) (7,34) (7,39) (7,40) (7,42) (7,43) (7,44) (7,45) (7,47) (7,51) (7,52) (7,53) (7,56) (7,58) (7,59) (7,60) (7,62) (7,63) (7,66) (7,68) (11,5) (11,7) (11,10) (11,11) (11,13) (11,14) (11,15) (11,17) (11,20) (11,21) (11,22) (11,26) (11,28) (11,29) (11,30) (11,31) (11,33) (11,34) (11,39) (11,40) (11,42) (11,43) (11,44) (11,45) (11,47) (11,51) (11,52) (11,53) (11,56) (11,58) (11,59) (11,60) (11,62) (11,63) (11,66) (11,68) (13,5) (13,7) (13,10) (13,11) (13,13) (13,14) (13,15) (13,17) (13,20) (13,21) (13,22) (13,26) (13,28) (13,29) (13,30) (13,31) (13,33) (13,34) (13,39) (13,40) (13,42) (13,43) (13,44) (13,45) (13,47) (13,51) (13,52) (13,53) (13,56) (13,58) (13,59) (13,60) (13,62) (13,63) (13,66) (13,68) (14,5) (14,7) (14,10) (14,11) (14,13) (14,14) (14,15) (14,17) (14,20) (14,21) (14,22) (14,26) (14,28) (14,29) (14,30) (14,31) (14,33) (14,34) (14,39) (14,40) (14,42) (14,43) (14,44) (14,45) (14,47) (14,51) (14,52) (14,53) (14,56) (14,58) (14,59) (14,60) (14,62) (14,63) (14,66) (14,68) (17,5) (17,7) (17,10) (17,11) (17,13) (17,14) (17,15) (17,17) (17,20) (17,21) (17,22) (17,26) (17,28) (17,29) (17,30) (17,31) (17,33) (17,34) (17,39) (17,40) (17,42) (17,43) (17,44) (17,45) (17,47) (17,51) (17,52) (17,53) (17,56) (17,58) (17,59) (17,60) (17,62) (17,63) (17,66) (17,68) (21,5) (21,7) (21,10) (21,11) (21,13) (21,14) (21,15) (21,17) (21,20) (21,21) (21,22) (21,26) (21,28) (21,29) (21,30) (21,31) (21,33) (21,34) (21,39) (21,40) (21,42) (21,43) (21,44) (21,45) (21,47) (21,51) (21,52) (21,53) (21,56) (21,58) (21,59) (21,60) (21,62) (21,63) (21,66) (21,68) (22,5) (22,7) (22,10) (22,11) (22,13) (22,14) (22,15) (22,17) (22,20) (22,21) (22,22) (22,26) (22,28) (22,29) (22,30) (22,31) (22,33) (22,34) (22,39) (22,40) (22,42) (22,43) (22,44) (22,45) (22,47) (22,51) (22,52) (22,53) (22,56) (22,58) (22,59) (22,60) (22,62) (22,63) (22,66) (22,68) (23,5) (23,7) (23,10) (23,11) (23,13) (23,14) (23,15) (23,17) (23,20) (23,21) (23,22) (23,26) (23,28) (23,29) (23,30) (23,31) (23,33) (23,34) (23,39) (23,40) (23,42) (23,43) (23,44) (23,45) (23,47) (23,51) (23,52) (23,53) (23,56) (23,58) (23,59) (23,60) (23,62) (23,63) (23,66) (23,68) (26,5) (26,7) (26,10) (26,11) (26,13) (26,14) (26,15) (26,17) (26,20) (26,21) (26,22) (26,26) (26,28) (26,29) (26,30) (26,31) (26,33) (26,34) (26,39) (26,40) (26,42) (26,43) (26,44) (26,45) (26,47) (26,51) (26,52) (26,53) (26,56) (26,58) (26,59) (26,60) (26,62) (26,63) (26,66) (26,68) (28,5) (28,7) (28,10) (28,11) (28,13) (28,14) (28,15) (28,17) (28,20) (28,21) (28,22) (28,26) (28,28) (28,29) (28,30) (28,31) (28,33) (28,34) (28,39) (28,40) (28,42) (28,43) (28,44) (28,45) (28,47) (28,51) (28,52) (28,53) (28,56) (28,58) (28,59) (28,60) (28,62) (28,63) (28,66) (28,68) (31,5) (31,7) (31,10) (31,11) (31,13) (31,14) (31,15) (31,17) (31,20) (31,21) (31,22) (31,26) (31,28) (31,29) (31,30) (31,31) (31,33) (31,34) (31,39) (31,40) (31,42) (31,43) (31,44) (31,45) (31,47) (31,51) (31,52) (31,53) (31,56) (31,58) (31,59) (31,60) (31,62) (31,63) (31,66) (31,68) (33,5) (33,7) (33,10) (33,11) (33,13) (33,14) (33,15) (33,17) (33,20) (33,21) (33,22) (33,26) (33,28) (33,29) (33,30) (33,31) (33,33) (33,34) (33,39) (33,40) (33,42) (33,43) (33,44) (33,45) (33,47) (33,51) (33,52) (33,53) (33,56) (33,58) (33,59) (33,60) (33,62) (33,63) (33,66) (33,68) (34,5) (34,7) (34,10) (34,11) (34,13) (34,14) (34,15) (34,17) (34,20) (34,21) (34,22) (34,26) (34,28) (34,29) (34,30) (34,31) (34,33) (34,34) (34,39) (34,40) (34,42) (34,43) (34,44) (34,45) (34,47) (34,51) (34,52) (34,53) (34,56) (34,58) (34,59) (34,60) (34,62) (34,63) (34,66) (34,68) (35,5) (35,7) (35,10) (35,11) (35,13) (35,14) (35,15) (35,17) (35,20) (35,21) (35,22) (35,26) (35,28) (35,29) (35,30) (35,31) (35,33) (35,34) (35,39) (35,40) (35,42) (35,43) (35,44) (35,45) (35,47) (35,51) (35,52) (35,53) (35,56) (35,58) (35,59) (35,60) (35,62) (35,63) (35,66) (35,68) (39,5) (39,7) (39,10) (39,11) (39,13) (39,14) (39,15) (39,17) (39,20) (39,21) (39,22) (39,26) (39,28) (39,29) (39,30) (39,31) (39,33) (39,34) (39,39) (39,40) (39,42) (39,43) (39,44) (39,45) (39,47) (39,51) (39,52) (39,53) (39,56) (39,58) (39,59) (39,60) (39,62) (39,63) (39,66) (39,68) (41,5) (41,7) (41,10) (41,11) (41,13) (41,14) (41,15) (41,17) (41,20) (41,21) (41,22) (41,26) (41,28) (41,29) (41,30) (41,31) (41,33) (41,34) (41,39) (41,40) (41,42) (41,43) (41,44) (41,45) (41,47) (41,51) (41,52) (41,53) (41,56) (41,58) (41,59) (41,60) (41,62) (41,63) (41,66) (41,68) (42,5) (42,7) (42,10) (42,11) (42,13) (42,14) (42,15) (42,17) (42,20) (42,21) (42,22) (42,26) (42,28) (42,29) (42,30) (42,31) (42,33) (42,34) (42,39) (42,40) (42,42) (42,43) (42,44) (42,45) (42,47) (42,51) (42,52) (42,53) (42,56) (42,58) (42,59) (42,60) (42,62) (42,63) (42,66) (42,68) (44,5) (44,7) (44,10) (44,11) (44,13) (44,14) (44,15) (44,17) (44,20) (44,21) (44,22) (44,26) (44,28) (44,29) (44,30) (44,31) (44,33) (44,34) (44,39) (44,40) (44,42) (44,43) (44,44) (44,45) (44,47) (44,51) (44,52) (44,53) (44,56) (44,58) (44,59) (44,60) (44,62) (44,63) (44,66) (44,68) (46,5) (46,7) (46,10) (46,11) (46,13) (46,14) (46,15) (46,17) (46,20) (46,21) (46,22) (46,26) (46,28) (46,29) (46,30) (46,31) (46,33) (46,34) (46,39) (46,40) (46,42) (46,43) (46,44) (46,45) (46,47) (46,51) (46,52) (46,53) (46,56) (46,58) (46,59) (46,60) (46,62) (46,63) (46,66) (46,68) (47,5) (47,7) (47,10) (47,11) (47,13) (47,14) (47,15) (47,17) (47,20) (47,21) (47,22) (47,26) (47,28) (47,29) (47,30) (47,31) (47,33) (47,34) (47,39) (47,40) (47,42) (47,43) (47,44) (47,45) (47,47) (47,51) (47,52) (47,53) (47,56) (47,58) (47,59) (47,60) (47,62) (47,63) (47,66) (47,68) (51,5) (51,7) (51,10) (51,11) (51,13) (51,14) (51,15) (51,17) (51,20) (51,21) (51,22) (51,26) (51,28) (51,29) (51,30) (51,31) (51,33) (51,34) (51,39) (51,40) (51,42) (51,43) (51,44) (51,45) (51,47) (51,51) (51,52) (51,53) (51,56) (51,58) (51,59) (51,60) (51,62) (51,63) (51,66) (51,68) (52,5) (52,7) (52,10) (52,11) (52,13) (52,14) (52,15) (52,17) (52,20) (52,21) (52,22) (52,26) (52,28) (52,29) (52,30) (52,31) (52,33) (52,34) (52,39) (52,40) (52,42) (52,43) (52,44) (52,45) (52,47) (52,51) (52,52) (52,53) (52,56) (52,58) (52,59) (52,60) (52,62) (52,63) (52,66) (52,68) (53,5) (53,7) (53,10) (53,11) (53,13) (53,14) (53,15) (53,17) (53,20) (53,21) (53,22) (53,26) (53,28) (53,29) (53,30) (53,31) (53,33) (53,34) (53,39) (53,40) (53,42) (53,43) (53,44) (53,45) (53,47) (53,51) (53,52) (53,53) (53,56) (53,58) (53,59) (53,60) (53,62) (53,63) (53,66) (53,68) (55,5) (55,7) (55,10) (55,11) (55,13) (55,14) (55,15) (55,17) (55,20) (55,21) (55,22) (55,26) (55,28) (55,29) (55,30) (55,31) (55,33) (55,34) (55,39) (55,40) (55,42) (55,43) (55,44) (55,45) (55,47) (55,51) (55,52) (55,53) (55,56) (55,58) (55,59) (55,60) (55,62) (55,63) (55,66) (55,68) (56,5) (56,7) (56,10) (56,11) (56,13) (56,14) (56,15) (56,17) (56,20) (56,21) (56,22) (56,26) (56,28) (56,29) (56,30) (56,31) (56,33) (56,34) (56,39) (56,40) (56,42) (56,43) (56,44) (56,45) (56,47) (56,51) (56,52) (56,53) (56,56) (56,58) (56,59) (56,60) (56,62) (56,63) (56,66) (56,68) (59,5) (59,7) (59,10) (59,11) (59,13) (59,14) (59,15) (59,17) (59,20) (59,21) (59,22) (59,26) (59,28) (59,29) (59,30) (59,31) (59,33) (59,34) (59,39) (59,40) (59,42) (59,43) (59,44) (59,45) (59,47) (59,51) (59,52) (59,53) (59,56) (59,58) (59,59) (59,60) (59,62) (59,63) (59,66) (59,68) (61,5) (61,7) (61,10) (61,11) (61,13) (61,14) (61,15) (61,17) (61,20) (61,21) (61,22) (61,26) (61,28) (61,29) (61,30) (61,31) (61,33) (61,34) (61,39) (61,40) (61,42) (61,43) (61,44) (61,45) (61,47) (61,51) (61,52) (61,53) (61,56) (61,58) (61,59) (61,60) (61,62) (61,63) (61,66) (61,68) (62,5) (62,7) (62,10) (62,11) (62,13) (62,14) (62,15) (62,17) (62,20) (62,21) (62,22) (62,26) (62,28) (62,29) (62,30) (62,31) (62,33) (62,34) (62,39) (62,40) (62,42) (62,43) (62,44) (62,45) (62,47) (62,51) (62,52) (62,53) (62,56) (62,58) (62,59) (62,60) (62,62) (62,63) (62,66) (62,68) (63,5) (63,7) (63,10) (63,11) (63,13) (63,14) (63,15) (63,17) (63,20) (63,21) (63,22) (63,26) (63,28) (63,29) (63,30) (63,31) (63,33) (63,34) (63,39) (63,40) (63,42) (63,43) (63,44) (63,45) (63,47) (63,51) (63,52) (63,53) (63,56) (63,58) (63,59) (63,60) (63,62) (63,63) (63,66) (63,68) (65,5) (65,7) (65,10) (65,11) (65,13) (65,14) (65,15) (65,17) (65,20) (65,21) (65,22) (65,26) (65,28) (65,29) (65,30) (65,31) (65,33) (65,34) (65,39) (65,40) (65,42) (65,43) (65,44) (65,45) (65,47) (65,51) (65,52) (65,53) (65,56) (65,58) (65,59) (65,60) (65,62) (65,63) (65,66) (65,68) (66,5) (66,7) (66,10) (66,11) (66,13) (66,14) (66,15) (66,17) (66,20) (66,21) (66,22) (66,26) (66,28) (66,29) (66,30) (66,31) (66,33) (66,34) (66,39) (66,40) (66,42) (66,43) (66,44) (66,45) (66,47) (66,51) (66,52) (66,53) (66,56) (66,58) (66,59) (66,60) (66,62) (66,63) (66,66) (66,68) (67,5) (67,7) (67,10) (67,11) (67,13) (67,14) (67,15) (67,17) (67,20) (67,21) (67,22) (67,26) (67,28) (67,29) (67,30) (67,31) (67,33) (67,34) (67,39) (67,40) (67,42) (67,43) (67,44) (67,45) (67,47) (67,51) (67,52) (67,53) (67,56) (67,58) (67,59) (67,60) (67,62) (67,63) (67,66) (67,68) (68,5) (68,7) (68,10) (68,11) (68,13) (68,14) (68,15) (68,17) (68,20) (68,21) (68,22) (68,26) (68,28) (68,29) (68,30) (68,31) (68,33) (68,34) (68,39) (68,40) (68,42) (68,43) (68,44) (68,45) (68,47) (68,51) (68,52) (68,53) (68,56) (68,58) (68,59) (68,60) (68,62) (68,63) (68,66) (68,68) (69,5) (69,7) (69,10) (69,11) (69,13) (69,14) (69,15) (69,17) (69,20) (69,21) (69,22) (69,26) (69,28) (69,29) (69,30) (69,31) (69,33) (69,34) (69,39) (69,40) (69,42) (69,43) (69,44) (69,45) (69,47) (69,51) (69,52) (69,53) (69,56) (69,58) (69,59) (69,60) (69,62) (69,63) (69,66) (69,68) (70,5) (70,7) (70,10) (70,11) (70,13) (70,14) (70,15) (70,17) (70,20) (70,21) (70,22) (70,26) (70,28) (70,29) (70,30) (70,31) (70,33) (70,34) (70,39) (70,40) (70,42) (70,43) (70,44) (70,45) (70,47) (70,51) (70,52) (70,53) (70,56) (70,58) (70,59) (70,60) (70,62) (70,63) (70,66) (70,68) }

Time: 1.773 ms
